// file: /harddisk0/workspace/data/ms_config/MsParam_PDP1_SPC_PRE.cfg
// date: TUE JUN 25 13:38:38 2013
// root: MS.Profile.PDP1_SPC_PRE.Param
// mode: abs all

[MS.Profile.PDP1_SPC_PRE.Param]
CyclicTriggerDelay = 0
CyclicTriggerDuration = 0
CyclicTriggerInterval = 1
CyclicTriggerVarName = "PDP1.sv_iPreShotCounter"
MeasureDelayTimeUs = 0
MeasureDuration_sec = 0
MeasureDuration_usec = 0
MeasureTimeUs = 0

[MS.Profile.PDP1_SPC_PRE.Param.Var_0]
FlAvValCnt = 20
NegTolLimit = 2147483647.000000
NegWarnLimit = 2147483647.000000
PosTolLimit = 2147483647.000000
PosWarnLimit = 2147483647.000000
VarName = "PDP1.sv_iPreShotCounter"

[MS.Profile.PDP1_SPC_PRE.Param.Var_1]
FlAvValCnt = 20
NegTolLimit = 2147483647.000000
NegWarnLimit = 2147483647.000000
PosTolLimit = 2147483647.000000
PosWarnLimit = 2147483647.000000
VarName = "Injection1.sv_InjectTimesAct.dActMoveTime"

[MS.Profile.PDP1_SPC_PRE.Param.Var_2]
FlAvValCnt = 20
NegTolLimit = 2147483648.000000
NegWarnLimit = 2147483648.000000
PosTolLimit = 2147483648.000000
PosWarnLimit = 2147483648.000000
VarName = "Injection1.sv_rCutOffPosition"

[MS.Profile.PDP1_SPC_PRE.Param.Var_3]
FlAvValCnt = 20
NegTolLimit = 2147483648.000000
NegWarnLimit = 2147483648.000000
PosTolLimit = 2147483648.000000
PosWarnLimit = 2147483648.000000
VarName = "Injection1.sv_rCutOffPressure"

[MS.Profile.PDP1_SPC_PRE.Param.Var_4]
FlAvValCnt = 20
NegTolLimit = 2147483648.000000
NegWarnLimit = 2147483648.000000
PosTolLimit = 2147483648.000000
PosWarnLimit = 2147483648.000000
VarName = "Injection1.sv_rCushion"

[MS.Profile.PDP1_SPC_PRE.Param.Var_5]
FlAvValCnt = 20
NegTolLimit = 2147483648.000000
NegWarnLimit = 2147483648.000000
PosTolLimit = 2147483648.000000
PosWarnLimit = 2147483648.000000
VarName = "Injection1.sv_rInjPeakPressure"
